‘'⁰⁸- ' 44 44444, 44444444, 44444444 444. 444

14144444. 41444. 8 44. 8. 44 41444188. Nee 1441444444 4444411. 188Ῑ 4. 8. 441. 8. 8144444444. 848. 444144. 44441441.
8444144 41144444, 4141 44444444444 41444141 4444444 414 4. 18. 4.8. 1341144.444411.111.141’441.ι14114444
84444444. 4444. 1. 4144. 8. 81444414. 444411. ’88.- 44. 18,’ 411. 88.Β44441444414.41448444444841848888.
841141. 414 14441 4. 11. 4. 88. Cum 4444144444444141·1144444444144444444444414144441411444 4414141418 118
144114441414441411 1444444114, 4141441144 41444414 44414414 411 444444 1444444ιί444 14 844414 cens 141414 418. dn.
44311414418444,84414414441414,44141414411144141144-84444444444444411444144148481.88.814141411444
1144444 41444.114414441.444144114.4444. 8411811414. 4444 44444444144441444144844141484444414444414141444
88. n. 874 · 4141414144,4414ι 44 144141, 4144441 1414444141 1444414444
148 0144444144 444144444414· 44 1444441844 414414 444414- negotiu, 4144444 4414444444 ,84114,4141. 8444484448. 144 44-
114441,Ι 44 44414444 44 4444141844 484444 generalitas, 4111. 41444. 4. 181. 8. 4. 81). 4114 4444114444 144444-
84411, 4144481144 4141 debitoris bonu 444414 14 genere 141114444444411441144414444· 4441 nemo 4414144411 44441
41 4141444“14444441444141411441114444 444448141414 1141441, 4144141 4444441441144414144414448484414144144441181
444 nonantulam 1. 8. 4141411444. 44 1414441444. 44, commentarium 444444444114 pumannum 44114144-

41444 4441441144 4141114144, ,11144 44444441 441 411 4144- ’1114 81444“ 411144 1414 abrumpo 41 propero 1444414144·
4141141114414444, 44114 mo« 141411411444441444, 4441 14444444 441

1444114444 44141444 4111444 41444, 414444 44111.. 84411.

ἶ Δ1144444444.

, ‘Deformm effectu , ’44344114 41 contrariis 4444444114444441.

·svssAmA , F ,
-· . 1, 44441414 4444141,44444411444444114144444441444141 1·
Fam 1444444441 44, 1. 2 · 41444, 4414444444 14414 41 4844144444 4444444444 441, 4141.
184414144444414844444441114414. 44. 881 ’ - ·-8 184881, 4144118441. 8. 1. 8811414441. 88.
,1144411144 44444441144141444444,“4441444444·484141841.5· ff. 4144.1.4141444444 4114441 41444141 Germanorum 411441
441. ,’8. · 8414114444 18181888484141448414148444144. 11441444 ergo!

11441441144444144444444441141444414414444 4. 8. 141444 414144 41144411 4441414141,14144484144141114144444,

814441411414441414441484444444444444144. 44 11111· 44414414114144 cum 41844144 444114144414 1,1. §.t ff 4488

4444444444444444444444441444 8884101101404184111 1414 4444. Nnc 441444 414144 444144144444411 441144-
44414444414444441. 4. 18.· 14, 44111141. 4144. 88. n. 8. 84444444 4441418. 118. 8
0444441444 444414 4144441444 4444 1444441444444444 pro 4. 7. 44 4444411. 188.’ 4, 88. Ne 4144414 441 4444484444
148414 1444444444 4418. 4444144144 1444444. 8411448. 444411. 88. 4. 8.· ·
Ee mtervallo: 44 484144 praestetur. 411411 4111411Ι 81441844 4441444 reservationis 144444 4444411111 148
111111, , · 44441444 441· 14414 4414414114 8441441144444141 441 444-
,1444444144 11144444,44444414414444444444444[444144 1444141 44114414, 441 4444444414 44444 4414 441 444144-
44444444.4.11.11. ,’· 4144 4444 144484414 41444114 conditione· 144144 444 44- 8
1144141144444144444444441444414. 4,· 18. . 14144 441 144444 141. 8. 4414 4144441 1444 448 4444414.
8444444114 444 4148444444 44444’441,1“4444 4444444414. Et 41444 14414441 4411444444 441 1114414444 41141441 8441444, 7
n. 17. ·841444184414414144414411444444»11144441444411. 8.
1144444441144414848811181188411118111411888··8.4.1441444814444484444414.8844144414744841444Ι
044144414441444144441811441. 44. 18. 2⁰. 144441 44.88.81414141444 14444 14414444 444 pernimiu- 8·
· 844444441444484441144414 modun 81· 414 444441 14444844144444,1444144414444444114411449
1144444414441444444114411484. 88. 88 ⁴ 441,14441444144144 1414144144 44414111 14444114,14444 1484
praesumptiones 14441414 4444 1414114444414444444 141.,11144 1,,,11μ111111411ωῃ m, mmm ,ι sm.
11144184414444148885· - 4144414444814444444114,41414181144444448114,1144414.
Quomodo 14444 44 44414444 14188. ’ 444411. 1118. n. 88. 8444444. 4444411 18 4188118. 1.
84414441414444411444·41414441411144144 88. 184114 4444. 888. 4. 8. lim . '
8144144441441444444444114414444444441444444441444· 111444 4444 1441444 4114144444, 444 mdo prmum ¹⁰
44141444 4414444444414444444444. 4. 88441188 4114444,44184148 eo, 1411444841444 4444444481 h·-
1144444814,14444414144“·144441444114441.48888. ¹ μ 141, 414 quo 4441,4411441141844414444144444444114·
Jflpmu'u 1444144114444,444114414144414 4141114 4441411444- supet 44141414144μι44111414444 1444144444 muntia:
141444448844148.14414811444444144114144144444 1444414 444 1441441 4444·

11414441444444114444444144444444448444144444 1444844414 1441. 1. sm 484 14444. 8. 87,8. 8848 1. ffi 144· 44
144. 44. 88, “ . 11441. (1414148414. 118114418844.·88114414414444·11

1144441444494414444444411441184. 87. 441488. 44414 1441444 41444141 1441 84441444 t 1. ff 14 jem
oummmm 4414444 effectus. 4. 88. 88. 814 1444144 4444444144444 4444441141 exception„ 41114- ¹²
(4444 4144 4444144414 44444441144148 44117. 4414.·88 -444144 14441 11114 4441441144444· 414414 444444 44444 44444·
0144441444 4448444144144144841444 84114148 ’44441144 14488 8184 comm-stom 144 144144144414414441444444
4444414414. 44. 88. 141441 444 444444. ,14414414 ’14 4444 1888. 14441-844144
8144188444. 48888874· Benagn 114.844444444.’144 144444444141441447. 44.
1144144144 4414444144 44 4444444 4 ,144414 41114441414444 81), 814 444 44141, 4144444484 44414144441444 4444411-18
ruptura 1444414 4114144444, 44. 88 · qu· 44 4444444, 114411 114441 441141 14441 biennium 48 44
emmiu. 4. 88. - 1144441444,414114444. 41444444, 14444444144 4414444, 1.

-ι

8

 

